36 11010 16494 5270 8970 5192 460 9860 2588 11238 0 0 51 1454 14441 42 9013 3339 424 14105 255409 1911 9008 775 154 9701 93 13928 129056 380 9428 0 700147 219 9001 695 14 10 200 8964
31 11049 691 8877 4741 145 9348 681 10457 0 2 27 1356 14432 16 8896 637 343 14152 287514 2020 8893 612 138 10214 93 14457 223141 248 8979 0 681749 303 8854 527 0 24 198 8868
52 13583 823 8989 8233 195 9770 730 10583 1 0 58 1363 16611 41 9037 2099 385 14565 365137 1862 9023 6264 270 11579 143 14697 233633 246 9099 0 702059 198 9016 633 108 17 90 9145
50 10836 735 8600 5658 144 9187 565 10102 0 1 28 1298 13987 26 8568 802 355 13240 281514 1723 8646 723 198 9426 141 13070 130296 247 8675 0 717672 221 8627 607 77 15 107 8572
36 12601 773 9001 4636 133 9503 575 10477 0 0 25 1287 13967 21 8979 586 344 14048 267241 1749 8989 830 4702 9666 99 13712 122174 214 9003 17 741094 1053 8932 517 233 33 14 8872
51 10390 782 9105 104724 183 8844 491 577 10396 0 0 29 1801 13746 24 8828 567 353 14183 264775 1749 8862 615 214 9335 151 14359 180986 252 8927 0 718822 202 8821 589 46 15 123 8788
34 10881 26345 8511 5104 6186 9068 605 10004 0 1 25 1282 14209 17 8565 712 406 14369 265868 1756 8491 685 4775 9106 20159 13190 127447 215 8610 0 677640 190 8609 494 0 22 241 8503
58 10869 560 8713 105325 215 8732 412 558 10277 0 1 26 1307 13433 15 8709 592 258 13356 269292 1766 8856 848 138 9270 77 13731 132233 247 8759 0 689245 308 8683 2551 0 25 174 8664
41 12835 714 8950 104598 212 8992 394 633 10457 0 1 48 1343 14786 31 8933 442 355 14239 385695 1745 8938 524 162 9593 118 14338 134275 243 9039 0 692648 202 9024 334 15 12 160 8966
32 10754 613 8742 4281 124 9028 540 9735 0 0 26 1267 13767 21 8663 523 279 14485 258195 1811 8753 538 137 9205 75 14296 122558 273 8774 0 699366 216 8673 406 25 14 169 8734
37 10221 669 8901 4515 135 9166 581 9999 0 0 46 1318 13004 26 8814 402 425 14263 291782 1781 8830 473 150 9350 123 14528 116654 245 8909 0 719486 447 8852 307 179 105 16 8724
45 10875 741 8636 5382 149 9068 679 9741 0 0 25 1322 14050 17 8559 879 298 12534 266793 3800 8519 584 146 9231 79 13534 121814 246 8597 0 732165 234 8533 846 0 21 159 8455
36 10503 675 8690 5280 162 10888 607 9909 0 0 49 1315 13669 22 8720 504 319 13444 273184 1754 8666 947 185 9405 78 13765 132981 230 8727 0 692653 217 8656 1127 96 15 79 8657
34 12554 731 8738 6103 144 9376 585 9892 0 0 50 1322 14509 43 8887 825 356 13648 258908 1874 8704 847 159 9586 120 13782 132981 218 8728 0 714660 252 8715 360 0 22 205 8669
35 10376 622 8741 4324 133 9279 574 10299 0 0 26 1274 14059 17 8717 1215 321 13715 280608 1760 8787 435 169 11116 133 14011 121120 226 8846 0 681993 203 8785 504 144 19 76 8749
34 11861 616 8808 4468 143 9216 560 10362 0 0 27 1322 14264 20 8756 762 350 14101 278366 1894 8748 635 145 9334 94 13773 124032 229 8776 0 681130 183 8763 533 152 15 13 8708
33 12183 632 8716 5126 162 9150 570 10297 0 0 27 1268 14101 33 8674 495 350 13437 268950 1814 8700 718 144 9813 77 13800 130336 322 8821 0 728175 198 8780 422 66 15 105 8660
34 32845 751 9047 11535 138 10322 558 10550 0 0 27 1273 14521 18 9021 1837 305 13846 300063 1813 9035 578 151 9645 82 13604 124483 257 9145 0 704092 191 9042 463 25 13 154 9033
35 10370 666 8848 11240 134 9237 569 10351 0 0 30 1391 14157 25 8762 878 312 14004 265846 1770 8733 538 173 9249 96 13577 129055 561 8781 0 673196 208 8759 595 0 22 164 8749
36 11130 639 8863 4567 123 9330 545 11426 0 0 36 1286 14381 17 8892 498 298 14282 322318 1744 8936 564 144 9602 92 13622 119828 233 8952 17 749832 205 8886 447 1 21 154 8924
34 21589 754 8594 5141 127 9175 582 10061 0 0 28 1290 13302 20 8579 609 301 13509 263298 1791 8605 681 163 9204 67 13526 127596 253 8660 0 703097 198 8657 435 54 14 122 8598
36 10746 612 8687 4368 125 9196 658 10259 2 0 49 1315 14527 33 8691 919 379 13951 256520 1746 8708 462 196 9219 105 14032 132833 240 8710 15 705290 185 8693 388 51 15 168 8665
36 11329 710 9090 5873 133 9727 609 10603 0 0 31 1292 13930 20 9109 618 334 13915 246165 1811 9178 1043 142 9872 84 14698 124266 245 9214 0 690458 185 9104 463 32 15 140 9078
41 20869 682 8759 11401 146 10190 576 10284 0 0 29 1293 13885 20 8745 573 324 14590 310699 1847 8728 543 139 9316 82 13406 131715 231 8790 0 708812 206 8728 570 30 14 134 8732
35 10365 679 8662 3810 134 9366 558 9858 24 0 11 1294 13579 30 8714 416 360 13477 284245 1734 8689 467 148 9227 82 13370 121304 241 8802 1 718695 184 8681 374 15 10 157 8652
36 10807 576 8784 4877 132 9149 541 9870 0 0 26 1259 13983 20 8810 442 283 13385 271257 1811 8799 680 159 9267 91 13985 126658 230 8863 0 698343 183 8770 388 57 15 113 8736
38 10101 621 8716 5863 127 8971 530 9934 1 0 28 1271 14819 31 8715 309 383 13536 276960 1797 8701 627 140 9274 87 14426 125302 216 8794 0 1118832 207 8721 370 56 15 131 8682
47 10543 777 8888 1002477 197 8919 402 562 10055 0 1 25 1267 14087 18 8897 623 298 14057 262463 1810 8941 414 145 9330 88 13848 137583 223 8959 0 867794 203 8905 463 0 41 203 8900
40 10677 730 8799 5181 167 9260 654 9942 0 0 40 1343 14381 30 8865 449 378 14247 261701 1873 8819 601 138 9283 104 13467 133070 247 9014 0 689496 221 8840 458 43 15 138 8826
36 46602 809 8795 6483 128 9192 565 10405 0 0 25 1260 14700 19 8826 540 315 14285 273200 1756 8781 553 141 9289 82 14227 129405 293 8869 18 900875 209 8790 581 161 17 52 8775
39 10356 650 8953 3180 128 9439 598 10544 0 1 41 1302 14199 19 8933 670 294 14066 251904 1754 9048 1188 190 10998 108 15460 126363 261 9033 18 675140 211 8979 454 18 10 159 8985
34 10264 566 8965 1105 133 9500 553 10513 0 0 27 1281 13916 33 9021 604 335 13472 294209 1739 8988 2053 145 9576 142 13168 130737 235 9063 0 701313 200 9042 422 0 24 180 8981
38 10458 711 8971 2232 139 9491 589 10462 0 0 51 1328 14641 25 8877 606 351 14109 289907 1755 8891 1207 150 9677 78 14372 127030 285 8965 0 768768 203 8926 448 29 14 149 8940
36 10924 621 8730 7506 7433 9387 1824 10280 0 0 34 4534 12973 37 8735 670 3234 13955 286916 1755 8734 1572 189 9710 110 13436 140732 1282 8776 0 703953 1997 8780 401 55 15 120 8701
35 11752 617 8800 3951 126 9325 554 10382 1 0 35 1296 13525 19 8776 591 316 14378 275329 1786 8800 607 143 9505 87 13644 134097 249 9255 0 705744 198 9183 453 0 26 174 9005
53 10723 1026 8622 11713 217 9010 560 9668 0 3 29 1336 13607 16 8564 509 344 13592 295228 1746 8576 509 160 9160 117 13453 130020 273 8612 0 739938 200 8605 402 131 17 72 8556
36 10403 612 8696 4518 153 9180 568 9834 0 0 35 1285 14070 16 8745 451 268 13539 275908 1856 8744 427 10107 355 9293 98 14215 120975 257 8786 0 743230 208 8827 423 89 16 118 8670
33 10332 560 8706 6620 126 9110 694 9912 0 0 31 1303 14011 35 8737 372 365 14453 280205 1780 8714 515 164 9222 109 14306 122501 252 8808 1 700011 193 8776 335 15 12 159 8704
36 12480 751 9093 7394 176 9356 609 10178 1 0 26 1482 14642 18 8888 500 295 14377 298792 1868 8867 481 147 9219 94 14410 123681 214 8980 0 774796 437 8829 375 0 22 199 8878
33 10420 670 8908 12086 151 9335 597 10118 0 0 28 1289 14062 18 8913 468 272 14322 276926 1710 8965 339 144 9390 79 14379 138704 252 8982 0 1194360 197 8945 720 0 21 151 9012
36 11356 617 8757 27154 184 9155 596 10286 1 0 28 1269 14889 20 8804 372 301 14317 269204 1731 8771 701 143 10077 82 14276 131680 240 9476 18 706789 201 8768 563 0 24 159 8774
47 11259 682 8780 5699 134 9623 600 10303 1 0 25 1286 14205 20 8773 648 350 14189 257987 1713 8790 559 148 9320 86 14437 132275 243 8801 0 702679 182 8755 503 76 14 101 8749
61 10820 738 8845 3689 156 9304 561 10350 3 0 29 1271 13972 17 8809 473 314 14327 284933 1749 8855 539 308 9362 93 14174 130232 255 8859 0 734935 200 8888 478 44 15 138 8806
32 10811 549 8733 4962 122 9258 549 10208 0 0 26 1262 14113 16 8705 674 247 14364 263250 1835 8733 829 147 9171 87 13924 125377 219 8781 15 731912 206 8738 500 96 15 82 8700
32 10303 569 8796 4113 118 9232 564 10332 1 0 31 1267 13451 19 8797 444 323 13901 267526 1744 8863 452 154 9285 97 13895 119302 260 8817 24 695996 208 8852 558 54 17 161 8830
37 10696 649 8877 5614 143 9510 735 10406 0 0 26 1376 13617 17 8884 2370 308 14348 259171 1973 8952 923 233 9464 10962 3076 13277 141101 248 8958 0 703429 203 8887 550 146 90 17 8805
35 11227 587 9132 10471 154 9536 586 11212 0 0 56 1307 15690 54 10554 443 376 14843 286576 1744 9209 1269 146 10768 77 15076 131231 245 10476 0 726843 176 9192 308 37 15 138 9196
40 9675 602 8702 2428 120 9185 549 9883 0 1 28 1274 13797 21 8657 586 306 13433 284625 1744 8706 477 162 9196 83 13984 134809 236 8757 0 710167 197 8712 411 0 21 154 8700
44 10583 665 8576 4384 149 9090 590 9855 0 0 54 1324 13946 17 8612 442 279 13629 268378 1917 8570 669 145 9326 98 13989 127373 229 8756 0 721879 183 8545 622 0 21 152 8563
49 22385 721 8711 4853 248 9305 548 9853 1 0 27 1338 14543 16 8690 505 241 14529 260935 5416 8766 502 146 9286 163 13772 120783 238 8782 0 701238 195 8790 350 77 15 119 8709
