66 54 107 54 89 54 222 64 84 571 1484 1484 214 54 134 54 111 54 835 129 54 96 116 54 117 107 117 82 54 118 1509 54 54 129 82 54 133 54 54 54 54
66 54 108 89 54 222 64 84 571 1484 1484 214 54 134 54 111 54 835 129 54 96 116 54 118 107 118 82 54 119 1509 54 54 130 82 54 134 54 54 54 54
66 54 107 89 54 222 64 84 571 1484 1484 214 54 134 54 111 54 835 129 54 96 116 54 117 107 117 82 54 118 1509 54 54 129 82 54 133 54 54 54 54
66 54 109 89 54 222 64 84 571 1484 1484 214 54 134 54 111 54 835 129 54 96 116 54 119 107 119 82 54 120 1509 54 54 131 82 54 135 54 54 54 54
66 54 107 89 54 222 64 84 571 1484 1484 214 54 134 54 111 54 835 129 54 96 116 54 117 107 117 82 54 118 1509 54 54 129 82 54 133 54 54 54 54
66 54 107 89 54 222 64 54 84 571 1484 1484 214 54 134 54 111 54 835 129 54 96 116 54 117 107 117 82 54 118 1509 54 54 129 82 54 133 54 54 54 54
66 54 108 89 54 222 64 84 571 1484 1484 214 54 134 54 111 54 835 129 54 96 116 54 118 107 118 82 54 119 1509 54 54 130 82 54 134 54 54 54 54
66 54 107 89 54 222 64 54 84 571 1484 1484 214 54 134 54 111 54 835 129 54 96 116 54 117 107 117 82 54 118 1509 54 54 129 82 54 133 54 54 54 54
66 54 108 89 54 222 64 54 84 571 1484 1484 214 54 134 54 111 54 835 129 54 96 116 54 118 107 118 82 54 119 1509 54 54 130 82 54 134 54 54 54 54
66 54 108 89 54 222 64 84 571 1484 1484 214 54 134 54 111 54 835 129 54 96 116 54 118 107 118 82 54 119 1509 54 54 130 82 54 134 54 54 54 54
66 54 108 89 54 222 64 84 571 1484 1484 214 54 134 54 111 54 835 129 54 96 116 54 118 107 118 82 54 119 1509 54 54 130 82 54 134 54 54 54 54
66 54 107 89 54 222 64 84 571 1484 1484 214 54 134 54 111 54 835 129 54 96 116 54 117 107 117 82 54 118 1509 54 54 129 82 54 133 54 54 54 54
66 54 108 89 54 222 64 84 571 1484 1484 214 54 134 54 111 54 835 129 54 96 116 54 118 107 118 82 54 119 1509 54 54 130 82 54 134 54 54 54 54
66 54 108 89 54 222 64 84 571 1484 1484 214 54 134 54 111 54 835 129 54 96 116 54 118 107 118 82 54 119 1509 54 54 130 82 54 134 54 54 54 54
66 54 105 89 54 222 64 84 571 1484 1484 214 54 134 54 111 54 835 129 54 96 116 54 115 107 115 82 54 116 1509 54 54 127 82 54 131 54 54 54 54
66 54 108 89 54 222 64 84 571 1484 1484 214 54 134 54 111 54 835 129 54 96 116 54 118 107 118 82 54 119 1509 54 54 130 82 54 134 54 54 54 54
66 54 108 89 54 222 64 84 571 1484 1484 214 54 134 54 111 54 835 129 54 96 116 54 118 107 118 82 54 119 1509 54 54 130 82 54 134 54 54 54 54
66 54 106 89 54 222 64 84 571 1484 1484 214 54 134 54 111 54 835 129 54 96 116 54 116 107 116 82 54 117 1509 54 54 128 82 54 132 54 54 54 54
66 54 107 89 54 222 64 84 571 1484 1484 214 54 134 54 111 54 835 129 54 96 116 54 117 107 117 82 54 118 1509 54 54 129 82 54 133 54 54 54 54
66 54 108 89 54 222 64 84 571 1484 1484 214 54 134 54 111 54 835 129 54 96 116 54 118 107 118 82 54 119 1509 54 54 130 82 54 134 54 54 54 54
66 54 110 89 54 222 64 84 571 1484 1484 214 54 134 54 111 54 835 129 54 96 116 54 120 107 120 82 54 121 1509 54 54 132 82 54 136 54 54 54 54
66 54 108 89 54 222 64 84 571 1484 1484 214 54 134 54 111 54 835 129 54 96 116 54 118 107 118 82 54 119 1509 54 54 130 82 54 134 54 54 54 54
66 54 106 89 54 222 64 84 571 1484 1484 214 54 134 54 111 54 835 129 54 96 116 54 116 107 116 82 54 117 1509 54 54 128 82 54 132 54 54 54 54
66 54 107 89 54 222 64 84 571 1484 1484 214 54 134 54 111 54 835 129 54 96 116 54 117 107 117 82 54 118 1509 54 54 129 82 54 133 54 54 54 54
66 54 108 89 54 222 64 84 571 1484 1484 214 54 134 54 111 54 835 129 54 96 116 54 118 107 118 82 54 119 1509 54 54 130 82 54 134 54 54 54 54
66 54 108 89 54 222 64 84 571 1484 1484 214 54 134 54 111 54 835 129 54 96 116 54 118 107 118 82 54 119 1509 54 54 130 82 54 134 54 54 54 54
66 54 107 89 54 222 64 84 571 1484 1484 214 54 134 54 111 54 835 129 54 96 116 54 117 107 117 82 54 118 1509 54 54 129 82 54 133 54 54 54 54
66 54 107 89 54 222 64 54 84 571 1484 1484 214 54 134 54 111 54 835 129 54 96 116 54 117 107 117 82 54 118 1509 54 54 129 82 54 133 54 54 54 54
66 54 107 89 54 222 64 84 571 1484 1484 214 54 134 54 111 54 835 129 54 96 116 54 117 107 117 82 54 118 1509 54 54 129 82 54 133 54 54 54 54
66 54 108 89 54 222 64 84 571 1484 1484 214 54 134 54 111 54 835 129 54 96 116 54 118 107 118 82 54 119 1509 54 54 130 82 54 134 54 54 54 54
66 54 106 89 54 222 64 84 571 1484 1484 214 54 134 54 111 54 835 129 54 96 116 54 116 107 116 82 54 117 1509 54 54 128 82 54 132 54 54 54 54
66 54 108 89 54 222 64 84 571 1484 1484 214 54 134 54 111 54 835 129 54 96 116 54 118 107 118 82 54 119 1509 54 54 130 82 54 134 54 54 54 54
66 54 108 89 54 222 64 84 571 1484 1484 214 54 134 54 111 54 835 129 54 96 116 54 118 107 118 82 54 119 1509 54 54 130 82 54 134 54 54 54 54
66 54 106 89 54 222 64 84 571 1484 1484 214 54 134 54 111 54 835 129 54 96 116 54 116 107 116 82 54 117 1509 54 54 128 82 54 132 54 54 54 54
66 54 107 89 54 222 64 84 571 1484 1484 214 54 134 54 111 54 835 129 54 96 116 54 117 107 117 82 54 118 1509 54 54 129 82 54 133 54 54 54 54
66 54 108 89 54 222 64 84 571 1484 1484 214 54 134 54 111 54 835 129 54 96 116 54 118 107 118 82 54 119 1509 54 54 130 82 54 134 54 54 54 54
66 54 107 89 54 222 64 84 571 1484 1484 214 54 134 54 111 54 835 129 54 96 116 54 117 54 107 117 82 54 118 1509 54 54 129 82 54 133 54 54 54 54
66 54 108 89 54 222 64 84 571 1484 1484 214 54 134 54 111 54 835 129 54 96 116 54 118 107 118 82 54 119 1509 54 54 130 82 54 134 54 54 54 54
66 54 107 89 54 222 64 84 571 1484 1484 214 54 134 54 111 54 835 129 54 96 116 54 117 107 117 82 54 118 1509 54 54 129 82 54 133 54 54 54 54
66 54 107 89 54 222 64 84 571 1484 1484 214 54 134 54 111 54 835 129 54 96 116 54 117 107 117 82 54 118 1509 54 54 129 82 54 133 54 54 54 54
66 54 108 89 54 222 64 84 571 1484 1484 214 54 134 54 111 54 835 129 54 96 116 54 118 107 118 82 54 119 1509 54 54 130 82 54 134 54 54 54 54
66 54 108 89 54 222 64 84 571 1484 1484 214 54 134 54 111 54 835 129 54 96 116 54 118 107 118 82 54 119 1509 54 54 130 82 54 134 54 54 54 54
66 54 108 89 54 222 64 84 571 1484 1484 214 54 134 54 111 54 835 129 54 96 116 54 118 107 118 82 54 119 1509 54 54 130 82 54 134 54 54 54 54
66 54 109 89 54 222 64 84 571 1484 1484 214 54 134 54 111 54 835 129 54 96 116 54 119 107 119 82 54 120 1509 54 54 131 82 54 135 54 54 54 54
66 54 108 89 54 222 64 84 571 1484 1484 214 54 134 54 111 54 835 129 54 96 116 54 118 107 118 82 54 119 1509 54 54 130 82 54 134 54 54 54 54
66 54 108 89 54 222 64 84 571 1484 1484 214 54 134 54 111 54 835 129 54 96 116 54 118 107 118 54 82 54 119 1509 54 54 130 82 54 134 54 54 54 54
66 54 108 89 54 222 64 84 571 1484 1484 214 54 134 54 111 54 835 129 54 96 116 54 118 107 118 82 54 119 1509 54 54 130 82 54 134 54 54 54 54
66 54 108 89 54 222 64 84 571 1484 1484 214 54 134 54 111 54 835 129 54 96 116 54 118 107 118 82 54 119 1509 54 54 130 82 54 134 54 54 54 54
66 54 107 89 54 222 64 84 571 1484 1484 214 54 134 54 111 54 835 129 54 96 116 54 117 107 117 82 54 118 1509 54 54 129 82 54 133 54 54 54 54
66 54 107 89 54 222 64 84 571 1484 1484 214 54 134 54 111 54 835 129 54 96 116 54 117 107 117 82 54 118 1509 54 54 129 82 54 133 54 54 54 54
