53 35 168 10 30 517 1430 1430 160 80 57 781 75 42 62 63 53 63 28 64 1455 75 28 79
54 35 168 10 30 517 1430 1430 160 80 57 781 75 42 62 64 53 64 28 65 1455 76 28 80
53 35 168 10 30 517 1430 1430 160 80 57 781 75 42 62 63 53 63 28 64 1455 75 28 79
55 35 168 10 30 517 1430 1430 160 80 57 781 75 42 62 65 53 65 28 66 1455 77 28 81
53 35 168 10 30 517 1430 1430 160 80 57 781 75 42 62 63 53 63 28 64 1455 75 28 79
53 35 168 10 30 517 1430 1430 160 80 57 781 75 42 62 63 53 63 28 64 1455 75 28 79
54 35 168 10 30 517 1430 1430 160 80 57 781 75 42 62 64 53 64 28 65 1455 76 28 80
53 35 168 10 30 517 1430 1430 160 80 57 781 75 42 62 63 53 63 28 64 1455 75 28 79
54 35 168 10 30 517 1430 1430 160 80 57 781 75 42 62 64 53 64 28 65 1455 76 28 80
54 35 168 10 30 517 1430 1430 160 80 57 781 75 42 62 64 53 64 28 65 1455 76 28 80
54 35 168 10 30 517 1430 1430 160 80 57 781 75 42 62 64 53 64 28 65 1455 76 28 80
53 35 168 10 30 517 1430 1430 160 80 57 781 75 42 62 63 53 63 28 64 1455 75 28 79
54 35 168 10 30 517 1430 1430 160 80 57 781 75 42 62 64 53 64 28 65 1455 76 28 80
54 35 168 10 30 517 1430 1430 160 80 57 781 75 42 62 64 53 64 28 65 1455 76 28 80
51 35 168 10 30 517 1430 1430 160 80 57 781 75 42 62 61 53 61 28 62 1455 73 28 77
54 35 168 10 30 517 1430 1430 160 80 57 781 75 42 62 64 53 64 28 65 1455 76 28 80
54 35 168 10 30 517 1430 1430 160 80 57 781 75 42 62 64 53 64 28 65 1455 76 28 80
52 35 168 10 30 517 1430 1430 160 80 57 781 75 42 62 62 53 62 28 63 1455 74 28 78
53 35 168 10 30 517 1430 1430 160 80 57 781 75 42 62 63 53 63 28 64 1455 75 28 79
54 35 168 10 30 517 1430 1430 160 80 57 781 75 42 62 64 53 64 28 65 1455 76 28 80
56 35 168 10 30 517 1430 1430 160 80 57 781 75 42 62 66 53 66 28 67 1455 78 28 82
54 35 168 10 30 517 1430 1430 160 80 57 781 75 42 62 64 53 64 28 65 1455 76 28 80
52 35 168 10 30 517 1430 1430 160 80 57 781 75 42 62 62 53 62 28 63 1455 74 28 78
53 35 168 10 30 517 1430 1430 160 80 57 781 75 42 62 63 53 63 28 64 1455 75 28 79
54 35 168 10 30 517 1430 1430 160 80 57 781 75 42 62 64 53 64 28 65 1455 76 28 80
54 35 168 10 30 517 1430 1430 160 80 57 781 75 42 62 64 53 64 28 65 1455 76 28 80
53 35 168 10 30 517 1430 1430 160 80 57 781 75 42 62 63 53 63 28 64 1455 75 28 79
53 35 168 10 30 517 1430 1430 160 80 57 781 75 42 62 63 53 63 28 64 1455 75 28 79
53 35 168 10 30 517 1430 1430 160 80 57 781 75 42 62 63 53 63 28 64 1455 75 28 79
54 35 168 10 30 517 1430 1430 160 80 57 781 75 42 62 64 53 64 28 65 1455 76 28 80
52 35 168 10 30 517 1430 1430 160 80 57 781 75 42 62 62 53 62 28 63 1455 74 28 78
54 35 168 10 30 517 1430 1430 160 80 57 781 75 42 62 64 53 64 28 65 1455 76 28 80
54 35 168 10 30 517 1430 1430 160 80 57 781 75 42 62 64 53 64 28 65 1455 76 28 80
52 35 168 10 30 517 1430 1430 160 80 57 781 75 42 62 62 53 62 28 63 1455 74 28 78
53 35 168 10 30 517 1430 1430 160 80 57 781 75 42 62 63 53 63 28 64 1455 75 28 79
54 35 168 10 30 517 1430 1430 160 80 57 781 75 42 62 64 53 64 28 65 1455 76 28 80
53 35 168 10 30 517 1430 1430 160 80 57 781 75 42 62 63 53 63 28 64 1455 75 28 79
54 35 168 10 30 517 1430 1430 160 80 57 781 75 42 62 64 53 64 28 65 1455 76 28 80
53 35 168 10 30 517 1430 1430 160 80 57 781 75 42 62 63 53 63 28 64 1455 75 28 79
53 35 168 10 30 517 1430 1430 160 80 57 781 75 42 62 63 53 63 28 64 1455 75 28 79
54 35 168 10 30 517 1430 1430 160 80 57 781 75 42 62 64 53 64 28 65 1455 76 28 80
54 35 168 10 30 517 1430 1430 160 80 57 781 75 42 62 64 53 64 28 65 1455 76 28 80
54 35 168 10 30 517 1430 1430 160 80 57 781 75 42 62 64 53 64 28 65 1455 76 28 80
55 35 168 10 30 517 1430 1430 160 80 57 781 75 42 62 65 53 65 28 66 1455 77 28 81
54 35 168 10 30 517 1430 1430 160 80 57 781 75 42 62 64 53 64 28 65 1455 76 28 80
54 35 168 10 30 517 1430 1430 160 80 57 781 75 42 62 64 53 64 28 65 1455 76 28 80
54 35 168 10 30 517 1430 1430 160 80 57 781 75 42 62 64 53 64 28 65 1455 76 28 80
54 35 168 10 30 517 1430 1430 160 80 57 781 75 42 62 64 53 64 28 65 1455 76 28 80
53 35 168 10 30 517 1430 1430 160 80 57 781 75 42 62 63 53 63 28 64 1455 75 28 79
53 35 168 10 30 517 1430 1430 160 80 57 781 75 42 62 63 53 63 28 64 1455 75 28 79
