10061 54661 1474870 4190 2228 1801 5385 15320 308 4098 17611 2901 5223 1594 863 4292 15499 18669 50 684 4117 15587 1955 7014 16300 0 0 96 584 4160 239156 838 650 3631 535 20406 710 4678 14607 616
2044 946 4148 15242 657 6027 16097 1203 4760 2140 840 4060 14503 5836 43 597 4019 15620 765 5004 15219 0 1 110 518 4320 238928 641 546 4663 298 20123 421 4547 14123 751 51 760 4137 20576 42900 232510 1574 4423 14530 289
2515 1140 4240 15297 652 5816 16037 1296 4150 3151 785 3992 15422 4714 41 678 5165 15355 876 4810 16863 0 0 132 597 6148 246534 592 607 4004 679 21698 503 4124 15161 1294 48 657 4558 19958 44184 240504 1564 4075 15856 432
3151 1217 4508 15924 597 4530 16452 1091 8726 1842 667 4209 14934 21124 56 496 4173 15011 792 8163 15969 0 0 113 648 4420 242427 707 509 3724 4065 20706 569 4428 14597 735 46 726 4579 20020 43229 241853 1668 4901 14742 929
2633 52058 531702 4961 2227 791 4065 14798 528 4393 15138 1203 5375 2511 693 4848 13751 3963 43 518 4176 15115 757 4477 15972 456 0 82 380 707 4251 344 19546 356 4364 14737 337 72 771 4251 19113 43649 256489 1544
2660 800 4120 14575 448 4867 18919 1065 4055 3338 820 4043 17232 1873 42 548 4613 14883 786 4302 16709 0 0 200 653 4194 241871 571 566 4024 3070 19890 608 4122 15186 258 72 1272 7972 20488 49021 362994 1672 10082 14305 564
3257 850 4096 17007 452 6217 16719 1083 4592 2645 915 4131 36757 51280 58568 611 4245 17231 571 152 768 4575 16469 1 0 140 546 4491 242172 591 545 3828 447 20758 535 5005 15130 0 129 1029 4173 20042 45871 281106 1980 4536 14374
3348 45326 1203553 4244 2757 730 5105 14987 478 4091 15398 1052 8679 2844 757 5053 14045 2619 41 636 5308 14402 767 4404 16850 978 0 241 496 873 3185 845 19510 376 4148 14296 1489 53 584 4387 19438 53058 239747 1662 4158 15030 0
2156 735 5209 13535 447 4431 16513 1048 4514 4337 674 4053 14631 31976 57 561 4061 15084 853 5388 16412 0 0 94 601 4331 242122 582 524 3756 3957 19015 531 4478 14450 1119 47 659 7646 19249 55382 262526 1683 6374 17801 705
1929 782 4209 14537 429 5099 18370 1036 5900 1304 828 4108 14602 45375 51234 591 4148 14723 350 40 771 7546 16051 0 0 94 633 4762 242244 626 803 3387 854 20228 517 4526 14626 537 71 765 4865 19569 54096 224400 1786 6734 14374
1354 1122 4452 15165 583 4836 17696 1153 4590 3257 1341 4347 16067 27729 71 663 4247 16283 962 5126 16695 2 0 90 654 6203 111911 5053 2244 1474 4132 21965 509 4148 16090 619 41 767 4496 19809 49965 223786 1544
2921 794 4106 14907 493 4543 17233 1096 7560 3175 785 5026 14379 5445 50 537 4385 15166 768 5115 17004 1 0 105 672 5141 242966 632 490 3636 468 20095 508 4127 15213 486 51 658 8970 18708 46465 222872 1627 7095 14796 446
2641 869 4933 14809 506 5033 15583 1051 4154 3080 701 7552 11749 2388 46 538 4300 15427 962 4878 16143 1 0 109 643 4375 238909 559 499 3695 913 20720 543 4233 14851 795 49 697 4528 20591 45007 211166 1601 4060 15227 304
1379 53376 641010 5692 1937 788 4441 15425 405 4859 15841 1133 4730 2256 777 4513 13998 4137 44 585 4418 15075 822 4209 15802 0 59 257 395 704 4698 4817 20076 427 4523 14405 1453 69 611 6257 18738 49988 242762 1541 4414 14695 536 49 627 5272 14061
1917 839 4146 14800 360 4627 15805 1070 4414 3437 765 5503 13149 4462 44 677 4055 15287 774 4207 16181 0 0 110 556 4350 238806 604 559 3752 313 20023 712 4136 14574 1287 49 799 4580 18877 48439 207863 1621 4309 14922 318
2570 847 8328 15836 460 6313 18954 1091 8346 3479 728 9125 15547 3598 41 625 4338 15438 776 4716 16730 2 0 115 590 4136 241641 650 478 3677 370 21629 702 4361 15274 586 47 660 5915 19575 42523 250815 1580 4148 15487 1661
3157 918 5465 14614 416 5074 17338 1184 4771 3224 1194 4246 15174 15503 52 526 4243 15166 766 5115 15271 791 0 72 452 756 3486 586 20648 483 4153 14799 1173 48 802 6290 18776 53020 233229 1922 4889 14284 533 43 551 4935 15284 520 4406 22736
1819 835 4135 14418 418 4576 16171 1070 4724 2004 707 4993 13406 4577 42 570 4281 15331 774 5979 15017 488 0 92 478 746 3721 389 20364 478 4903 13701 1256 42 692 4580 19407 41568 233490 1770 4271 15898 0 61 698 4612 15494 469 5710 19605
1352 821 4179 15275 401 5352 16000 1019 4291 2149 772 6100 14736 819 43 518 4393 21013 775 5532 16618 1 0 94 604 4127 240292 634 629 3982 1070 21072 494 4132 17081 0 87 816 4441 24442 46472 279424 1657 4192 15070 561
3303 764 4680 16147 452 4337 16746 1048 4534 2881 877 4367 15367 4477 36 615 4523 15036 874 6006 17426 306 49 205 4322 0 887 4638 20111 523 5400 13843 749 43 638 4399 24167 55377 284863 1715 4147 15120 482 32 555 4541 15482 576 5037 20363
3200 1022 4354 15244 483 7726 18238 1049 8105 9830 854 8913 14543 3986 46 584 7920 17101 757 29259 19433 1 0 94 604 14664 246597 515 716 3663 349 20816 646 4599 15438 671 43 775 4100 20745 49658 230129 1596 15620 16932 0
3100 955 5848 15208 580 10236 17522 1189 9953 5671 844 14285 11652 6092 49 560 13799 15999 806 9305 18265 0 0 102 598 6101 249699 602 509 10866 240 15137 597 4436 15684 442 47 830 6623 18963 54231 198831 1698 4272 14278 549
1904 786 4235 14909 310 4805 16439 1052 4414 3063 925 4127 14865 5172 92 608 4135 15404 855 5584 21998 0 0 120 695 6356 241497 617 489 3617 6143 20159 558 4155 15158 561 161 655 10739 19288 53788 209157 1554 4230 14749 1222
3512 869 10010 15571 529 7301 17560 1043 8639 4689 818 7051 14697 4065 41 590 4331 14999 756 4799 17421 1 59 638 4461 0 951 5163 18641 506 4283 14810 293 45 655 5991 19937 56076 212012 1545 4454 14894 1368 125 831 4055 14925 566 4529 19059
12389 833 4473 15559 460 4866 16620 1057 5547 2309 871 4077 15013 4675 51 453 4038 15655 806 4788 16476 0 0 105 590 4080 238721 529 534 4711 277 21242 644 4109 16278 0 82 897 5711 19357 45797 231182 1672 4235 14971 296
3709 44140 644120 4590 3002 685 6238 13844 390 5394 15376 1024 4211 2912 921 6500 12505 1586 72 576 4193 15583 711 4846 17801 733 0 39 483 793 3647 643 20260 502 4477 14698 1634 58 588 5752 19791 52312 210720 1582
2561 2589 4503 37329 4713 2857 855 4087 14922 461 4441 19978 1038 4503 1816 804 4687 15373 14487 51 557 4738 15538 792 4728 15904 0 0 107 597 4400 31841 468 699 865 2593 961 1077 19643 427 4050 15445 615
1219 842 4544 14899 432 8949 17009 1013 4479 3529 908 4147 14853 8385 51 499 5592 14425 802 4566 16676 0 0 96 562 5619 241980 575 652 3528 724 6430 4086 2775 919 4776 1713 427 4091 313 92 564 3567 590 8065 2928
3508 905 4170 17872 506 4363 15960 1023 4546 3808 905 4064 15336 7237 56 514 4130 16904 786 5506 18486 0 62 638 1068 909 2140 2515 21316 499 4969 18785 627 65 587 5022 21805 47892 299820 1714 4597 17569 237 107 566 4409 17363 754 4250 21630
2615 806 4389 15162 696 4691 15389 1044 5753 3706 798 4114 14950 3248 71 597 5366 15259 779 4742 16778 0 0 97 651 4086 239870 586 511 3972 277 19713 531 4159 16841 1574 51 713 4315 21357 54124 228740 1604 4593 15686 0
1749 1076 4086 18051 444 4197 16621 1017 4754 3839 814 4453 15329 5160 41 542 4680 14504 885 5634 17495 421 0 93 308 693 4833 1261 19757 475 4599 14034 1672 41 588 4249 22471 41944 218472 1590 5991 15424 1075 41 482 4422 16441 504 4134 22027
2940 52720 656623 5100 3178 889 4524 14503 453 5202 17162 1193 5155 3298 754 4165 14936 2918 42 471 4914 14549 812 4657 16109 0 1 94 560 4065 238393 752 473 3590 1196 19648 521 4230 16808 0
2272 828 4369 14776 549 4553 16290 1053 4388 3517 701 4070 14501 6319 43 522 4105 16204 741 4814 18472 0 0 89 760 4805 242498 601 540 4007 527 19891 597 4295 14650 958 123 950 5014 21755 48537 241219 1680 4263 15125 905
5455 919 5148 13851 497 4169 16995 1162 4861 3269 919 4243 17253 1827 47 639 4139 15334 797 5161 15445 0 0 89 422 4112 238152 715 536 3613 1018 19627 403 4651 14750 2810 73 643 4558 22941 52896 231210 1725 4600 15311 572
2336 838 5816 13528 566 5485 15038 1075 4667 2842 730 4971 14047 2693 45 526 4127 15220 920 4451 16345 1482 0 77 495 591 3947 261 19341 436 4023 14779 1093 46 761 4081 20167 40821 247805 1590 4139 16322 0 60 742 4868 14494 588 4202 20411
5043 871 6632 17210 447 4979 22920 1081 5676 2531 792 4837 17488 3373 44 557 4276 15732 856 5257 17081 0 0 91 683 4455 250927 586 561 4126 303 22493 564 6613 15286 0 66 784 4683 22548 49434 226186 1535 4377 15951 0
2547 972 4073 15282 447 4376 16970 1158 4131 3252 666 4035 15050 5047 46 509 4101 16379 815 6201 16772 1 0 163 542 4910 237952 532 507 3673 680 19834 463 4465 15073 1273 65 678 6116 19919 53913 316699 1590 5192 14490 1248
2727 823 4806 16225 465 5182 20558 1026 4891 5150 896 4620 16793 3426 42 571 4016 17506 756 4680 20730 1 0 99 600 4126 247852 703 494 3622 581 20648 447 6093 14792 1015 50 669 4017 20910 47713 259887 1569 5480 15379 299
2812 820 4120 14940 489 7278 16782 1190 4112 3751 926 4122 17256 5676 71 582 4054 16008 797 5105 19239 1 0 120 652 4132 240540 720 504 4016 354 20183 632 4390 15242 1626 159 735 4513 20253 45204 233304 1739 4707 14747 704
4596 818 5327 14297 349 4604 17993 1098 5146 6330 829 5033 16520 5203 43 568 4976 18517 922 6961 20801 0 0 95 598 12027 250897 651 571 4473 317 22558 645 5177 14441 945 42 674 4940 20409 44293 225576 1616 4141 16646 308
141151 5548 3957 889 4863 14008 404 5818 14275 1051 4582 2811 715 4776 14951 817 43 545 5336 16094 824 4851 16967 0 0 92 622 4391 240942 769 549 3797 883 19399 468 4109 15498 0 78 892 4350 19577 43138 237717 1562 4120 14645
2103 836 5351 16390 519 6255 16333 1035 4999 2101 956 9480 13477 1096 41 546 5181 18179 786 4817 18131 0 0 96 578 6453 240440 615 566 3872 842 21874 725 4270 16623 0 77 884 4943 20979 40920 234494 1588 4570 20251 0
2000 802 4010 16160 391 5300 18056 1282 4709 3609 1034 4991 14469 5771 41 556 3996 15476 895 5176 17675 0 0 97 612 5017 245608 600 554 3777 392 21208 440 5041 15740 0 78 838 4515 20027 43133 242850 1667 4842 15218 541
4295 831 4168 14591 535 4693 16210 1429 6781 3323 859 4168 14393 7393 74 606 4945 20231 891 6024 16447 0 0 95 610 5062 244122 617 511 3631 597 19562 535 5166 14554 932 49 686 4234 22323 54066 225994 1583 4580 15568 501
2798 790 4136 14631 397 4320 16927 1024 4539 2236 833 4352 14343 5151 51 613 4048 15300 772 5204 15998 0 0 95 682 4397 243557 655 502 3953 6008 20155 576 5715 14705 0 60 852 4076 19654 50064 231153 1566 4448 14480 1441
3818 960 6966 14717 402 4539 16118 1157 8691 4861 766 5549 16473 5134 42 568 8966 15257 769 10066 16875 1 0 107 597 8905 246745 583 739 6525 5019 21754 628 7894 14276 1573 42 597 4658 19399 41893 230293 1545 4228 15110 0
2423 808 4451 15794 576 4812 17282 1085 4426 3685 823 4297 16314 4666 42 534 4695 16262 1009 4688 17997 0 0 92 605 4145 240118 555 529 5897 0 19639 525 4090 15104 1595 50 782 5149 19284 49054 228230 1759 4101 15237 1101
0 49921 1656934 4799 3829 890 4502 16508 567 4592 17774 1284 6662 2225 786 4185 16523 2702 44 463 5183 20005 757 4948 21376 1 0 109 530 7843 249859 574 470 6868 0 20390 617 5674 17827 0
4966 769 4455 17836 360 4503 16186 1029 7117 1636 837 4104 14402 4183 41 519 6024 13422 826 4844 16124 0 0 144 391 5092 241123 628 527 3587 626 20756 530 4131 15027 2381 51 667 4911 19480 49566 374125 1756 4551 14470 541
0 846 5557 13113 518 4576 15787 1117 4426 2320 761 5449 14710 3108 42 491 4724 15085 768 4693 17359 0 0 114 612 4468 237699 655 544 3592 572 19962 678 4199 14536 1949 46 660 4484 19452 47174 239377 1563 4132 14998 224
