60 624 54 151 60 436 143 60 143 131 60 184 209 60 314 154 60 131 300 54 141 60 161 648 60 1458 1458 497 54 131 60 497 143 211 60 60 131 176 60 131 913
60 436 143 60 143 131 60 185 209 60 314 154 60 131 300 54 141 60 161 648 60 1458 1458 497 54 131 60 497 143 211 60 60 131 176 60 131 913 54 206 60 131 54 173 193 60 131 195
60 436 143 60 143 131 60 184 209 60 314 154 60 131 300 54 141 60 161 648 60 1458 1458 497 54 131 60 497 143 211 60 60 131 176 60 131 913 54 206 60 131 54 173 193 60 131 194
60 436 143 60 143 131 60 184 209 60 314 154 60 131 300 54 141 60 161 648 60 1458 1458 497 54 131 60 497 143 211 60 60 131 176 60 131 913 54 206 60 131 54 173 193 60 131 194
60 624 54 151 60 436 143 60 143 131 60 184 209 60 314 154 60 131 300 54 141 60 161 648 60 1458 1458 497 54 131 211 60 60 131 176 60 131 913 54 206 60 131 54 173 193
60 436 143 60 143 131 60 184 209 60 314 154 60 131 300 54 141 60 161 648 60 1458 1458 497 54 131 60 497 143 211 60 60 131 176 60 131 913 54 206 60 131 54 173 193 60 131 194
60 436 143 60 143 131 60 184 209 60 314 154 60 131 54 300 141 60 131 161 54 648 60 1458 1458 497 54 131 60 497 143 211 60 60 131 176 60 131 913 54 206 60 131 54 173 193 60 131
60 452 54 151 60 436 143 60 143 131 60 186 209 60 314 154 60 131 300 54 141 60 161 648 60 1458 1458 497 54 131 211 60 60 131 176 60 131 913 54 206 60 131 54 173 193 60 131 196
60 436 143 60 143 131 60 184 209 60 314 154 60 131 300 54 141 60 161 648 60 1458 1458 497 54 131 60 497 143 211 60 60 131 176 60 131 913 54 206 60 131 54 173 193 60 131 194
60 436 143 60 143 131 60 184 209 60 314 154 60 131 54 300 141 60 131 161 54 648 60 1458 1458 497 54 131 60 497 143 211 60 60 131 176 60 131 913 54 206 60 131 54 173 193 60 131
60 436 143 60 143 131 60 185 209 60 314 154 60 131 300 54 141 60 161 648 60 1458 1458 497 54 131 60 157 60 624 211 60 131 176 60 131 913 54 206 60 131 54 173 193
60 436 143 60 143 131 60 185 209 60 314 154 60 131 300 54 141 60 161 648 60 1458 1458 497 54 131 60 497 143 211 60 60 131 176 60 131 913 54 206 60 131 54 173 193 60 131 195
60 436 143 60 143 131 60 184 209 60 314 154 60 131 300 54 141 60 161 648 60 1458 1458 497 54 131 60 497 143 211 60 60 131 176 60 131 913 54 206 60 131 54 173 193 60 131 194
60 233 54 151 60 436 143 60 143 131 60 184 209 60 314 154 60 131 300 54 141 60 161 648 60 1458 1458 54 497 131 211 60 60 131 176 60 131 913 54 206 60 131 54 173 193 60 131 194 54 184 60 194
60 436 143 60 143 131 60 184 209 60 314 154 60 131 300 54 141 60 161 648 60 1458 1458 497 54 131 60 497 143 211 60 60 131 176 60 131 913 54 206 60 131 54 173 193 60 131 194
60 436 143 60 143 131 60 183 209 60 314 154 60 131 300 54 141 60 161 648 60 1458 1458 497 54 131 60 497 143 211 60 60 131 176 60 131 913 54 206 60 131 54 173 193 60 131 193
60 436 143 60 143 131 60 183 209 60 314 154 60 131 300 54 141 60 161 648 60 1458 1458 497 54 131 211 60 60 131 176 60 131 913 54 206 60 131 54 173 193 60 131 193 54 184 60 193 159 60 131
60 436 143 60 143 131 60 184 209 60 314 154 60 131 300 54 141 60 161 648 60 1458 1458 497 54 131 211 60 60 131 176 60 131 913 54 206 60 131 54 173 193 60 131 194 54 184 60 194 159 60 131
60 436 143 60 143 131 60 183 209 60 314 154 60 131 300 54 141 60 161 648 60 1458 1458 497 54 131 60 497 143 211 60 60 131 176 60 131 913 54 206 60 131 54 173 193 60 131 193
60 436 143 60 143 131 60 185 209 60 314 154 60 131 300 54 141 60 161 648 60 1458 1458 54 131 497 60 211 60 131 176 60 131 913 54 206 60 131 54 173 193 60 131 195 54 184 60 195 159 60 131
60 436 143 60 143 131 60 185 209 60 314 154 60 131 300 54 141 60 161 648 60 1458 1458 497 54 131 60 497 143 211 60 60 131 176 60 131 913 54 206 60 131 54 173 193 60 131 195
60 436 143 60 143 131 60 185 209 60 314 154 60 131 300 54 141 60 161 648 60 1458 1458 497 54 131 60 497 143 211 60 60 131 176 60 131 913 54 206 60 131 54 173 193 60 131 195
60 436 143 60 143 131 60 185 209 60 314 154 60 131 300 54 141 60 161 648 60 1458 1458 497 54 131 60 497 143 211 60 60 131 176 60 131 913 54 206 60 131 54 173 193 60 131 195
60 436 143 60 143 131 60 184 209 60 314 154 60 131 300 54 141 60 161 648 60 1458 1458 54 131 497 60 211 60 131 176 60 131 913 54 206 60 131 54 173 193 60 131 194 54 184 60 194 159 60 131
60 436 143 60 143 131 60 184 209 60 314 154 60 131 300 54 141 60 161 648 60 1458 1458 497 54 131 60 497 143 211 60 60 131 176 60 131 913 54 206 60 131 54 173 193 60 131 194
60 621 54 151 60 436 143 60 143 131 60 183 209 60 314 154 60 131 300 54 141 60 161 648 60 1458 1458 497 54 131 211 60 60 131 176 60 131 913 54 206 60 131 54 173 193
60 620 143 60 151 60 436 143 60 143 131 60 185 209 60 314 154 60 131 300 54 141 60 161 648 60 1458 1458 497 54 131 60 143 131 211 322 60 60 60 131 176 60 131 913
60 436 143 60 143 131 60 187 209 60 314 154 60 131 300 54 141 60 161 648 60 1458 1458 497 54 131 60 497 143 211 60 60 153 60 448 143 60 131 176 143 60 131 368 60 60 131 1458
60 436 143 60 143 131 60 185 209 60 314 154 60 131 300 54 141 60 161 648 60 1458 1458 54 131 497 211 60 60 131 176 60 131 913 54 206 60 131 54 173 193 60 131 195 54 184 60 195 159 60 131
60 436 143 60 143 131 60 185 209 60 314 154 60 131 300 54 141 60 161 648 60 1458 1458 497 54 131 60 497 143 211 60 60 131 176 60 131 913 54 206 60 131 54 173 193 60 131 195
60 436 143 60 143 131 60 186 209 60 314 154 60 131 300 54 141 60 161 648 60 1458 1458 497 54 131 211 60 60 131 176 60 131 913 54 206 60 131 54 173 193 60 131 196 54 184 60 196 159 60 131
60 624 54 151 60 436 143 60 143 131 60 183 209 60 314 154 60 131 300 54 141 60 161 648 60 1458 1458 497 54 131 60 497 143 211 60 60 131 176 60 131 913
60 436 143 60 143 131 60 184 209 60 314 154 60 131 300 54 141 60 161 648 60 1458 1458 497 54 131 60 497 143 211 60 60 131 176 60 131 913 54 206 60 131 54 173 193 60 131 194
60 436 143 60 143 131 60 185 209 60 314 154 60 131 300 54 141 60 161 648 60 1458 1458 497 54 131 60 497 143 211 60 60 131 176 60 131 913 54 206 60 131 54 173 193 60 131 195
60 436 143 60 143 131 60 185 209 60 314 154 60 131 300 54 141 60 161 648 60 1458 1458 497 54 131 211 60 60 131 176 60 131 913 54 206 60 131 54 173 193 60 131 195 54 184 60 195 159 60 131
60 436 143 60 143 131 60 184 209 60 314 154 60 131 300 54 141 60 161 648 60 1458 1458 497 54 131 60 497 143 211 60 60 131 176 60 131 913 54 206 60 131 54 173 193 60 131 194
60 436 143 60 143 131 60 184 209 60 314 154 60 131 300 54 141 60 161 648 60 1458 1458 497 54 131 60 497 143 211 60 60 131 176 60 131 913 54 206 60 131 54 173 193 60 131 194
60 436 143 60 143 131 60 185 209 60 314 154 60 131 300 54 141 60 161 648 60 1458 1458 497 54 131 60 497 143 211 60 60 131 176 60 131 913 54 206 60 131 54 173 193 60 131 195
60 436 143 60 143 131 60 184 209 60 314 154 60 131 300 54 141 60 161 648 60 1458 1458 497 54 131 60 497 143 211 60 60 131 176 60 131 913 54 206 60 131 54 173 193 60 131 194
60 436 143 60 143 131 60 186 209 60 314 154 60 131 300 54 141 60 161 648 60 1458 1458 497 54 131 60 497 143 211 60 60 131 176 60 131 913 54 206 60 131 54 173 193 60 131 196
54 151 60 436 143 60 143 131 60 185 209 60 314 154 60 131 300 54 141 60 161 648 60 1458 1458 497 54 131 60 497 143 211 60 60 131 176 60 131 913 54 206 60 131 54 173 193 60 131
60 436 143 60 143 131 60 184 209 60 314 154 60 131 300 54 141 60 161 648 60 1458 1458 497 54 131 60 497 143 211 60 60 131 176 60 131 913 54 206 60 131 54 173 193 60 131 194
60 436 143 60 143 131 60 184 209 60 314 154 60 131 300 54 141 60 161 648 60 1458 1458 497 54 131 60 497 143 211 60 60 131 176 60 131 913 54 206 60 131 54 173 193 60 131 194
60 436 143 60 143 131 60 184 209 60 314 154 60 131 300 54 141 60 161 648 60 1458 1458 497 54 131 60 497 143 211 60 60 131 176 60 131 913 54 206 60 131 54 173 193 60 131 194
60 436 143 60 143 131 60 185 209 60 314 154 60 131 300 54 141 60 161 648 60 1458 1458 497 54 131 60 497 143 211 60 60 131 176 60 131 913 54 206 60 131 54 173 193 60 131 195
60 436 143 60 143 131 60 184 209 60 314 154 60 131 300 54 141 60 161 648 60 1458 1458 497 54 131 60 497 143 211 60 60 131 176 60 131 913 54 206 60 131 54 173 193 60 131 194
60 436 143 60 143 131 60 187 209 60 314 154 60 131 300 54 141 60 161 648 60 1458 1458 497 54 131 60 497 143 211 60 60 131 176 60 131 913 54 206 60 131 54 173 193 60 131 197
60 624 54 151 60 436 143 60 143 131 60 182 209 60 314 154 60 131 300 54 141 60 161 648 60 1458 1458 497 54 131 60 497 143 211 60 60 131 176 60 131 913
60 436 143 60 143 131 60 184 209 60 314 154 60 131 300 54 141 60 161 648 60 1458 1458 497 54 131 60 497 143 211 60 60 131 176 60 131 913 54 206 60 131 54 173 193 60 131 194
60 436 143 60 143 131 60 184 209 60 314 154 60 131 300 54 141 60 161 648 60 1458 1458 497 54 131 60 497 143 211 60 60 131 176 60 131 913 54 206 60 131 54 173 193 60 131 194
