196 196 196 169 76 169 169 169 169 169 164 164 164 378 164 164 164 164 377 675 164 164 164 164 164 164 164 164 164 164 164 164 80 80 80 80 80 80 80 80 80 80 80 80 80 80 80 80 80 80 80 164 164
154 80 80 221 164 196 196 196 158 158 76 158 164 164 377 164 164 164 164 716 164 164 164 164 164 164 164 164 164 164 164 164 164 164 164 164 164 164 164 164 164 164 164 164 164
448 444 424 438 440 440
154 1396 71 1396 154 1396 154 1033 148 1389 1396 99 88
80 1281 80 1396 154 879 1396 118 80 1396 154 80 164 127 377 196 196
1396 154 1396 99 179 1389 163 80 80 879 1396 154 1396
1396 154 1396 99 1389 80 1396 118 99 80 80 99 80 127 125 137 196 196 196 76 169 76 76 169
148 80 80 80 99 148 80 208 125 116 196 196 196 158 158 76 158 164 164 377 164 164 164 164 164 716 164 164 164 164 164 164 164 164 164 164 164 164 164 164 164 164 403 164 164 164
444 424 456 438 440 440
164 164 164 769 1389 1396 154 769 80 1389 1389 1281 80
163 163 1396 154 1396 71 80 99 449 99 1396 99 80 148 80 80 164 164 125 1396 118 128
80 80 80 160 1396 154 163 1389 163 125 1396 118 128 80 76 196 196 196 158 76 158 158 164 164 164 164 164 482
80 99 80 90 80 80 1396 99 80 1396 154 80 1396 118 80 80 148 196 196 196 169 169 76 169 169 169 169 169 169 76 164 164 164
565 164 148 164 163 148 80 148 1396 154 90 1396 154 196 196 196 158 76 158 158 164 164 164 377 164 164 164 164 369 716
448 424 438 440 440
67 1396 154 148 80 80 1389 1396 57 1281 1389 80 80 769
80 1066 80 80 99 127 1183 163 80 1396 154 99 1396 154 1396 154 592
80 80 148 1389 1396 154 1396 154 1396 99 80 1081 163 80 148 148 80
80 80 163 1059 80 148 148 80 80 80 80 1396 95 99 99 99 80 80 148 80 148 148 148 196 196 196 169 169 76 169 169 169 169 169 76 76 164 164 378 164 80 164 164 164
164 80 91 164 164 164 170 148 164 80 164 80 163 90 196 196 196 158 158 76 158 164 164 164 164 377 164 164 164 164 164 710 164 164 164 164 164 164 164 164 164 164 164 164 164 164 83 164
448 444 424 456 438 440 440
1396 84 148 125 128 1396 154 148 1396 99 769 80 1396 154 80 80 1396
154 769 1396 99 163 80 1396 99 1145 164 972 127 80 482 1396
80 1066 379 1396 71 99 80 80 80 80 148 80 80 1396 154 80 80 1396 154 196 196 196 158 158 158
278 287 287 342 342 352 352
596 80 390 80 80 952 1389 80 80 164 80 80 80 148 80 163 343 80 196 196 196 76 76 169 76 76 76 76 164 164 164 148 378 164 80 164 164 164 164
160 80 148 80 80 164 1396 154 99 164 80 80 80 164 80 80 80 148 80 80 163 91 196 196 196 158 158 76 158 158 164 164 164 377 164 164 164 164 164 369 710 164 164
424 456 438 440
486 1389 1396 57 148 90 1389 80 769 769 80 148 80 80 1281
80 80 80 80 80 148 148 80 80 80 148 127 148 1396 154 1396 126 1396 154 80 99 125 1396 154 137 87
163 80 1396 154 1396 71 99 80 80 163 84 80 80 1396 154 148 80 80 80 196 196 196 158 158 76 158 164 164 164 470 164
99 175 1396 154 99 1396 112 80 80 1281 80 84 545 164 164 108 80 196 196 196 76 169 76 76 169 76 76 76 76 164 164 164
80 80 148 80 80 80 80 80 80 80 90 80 80 80 80 80 80 80 148 1396 154 80 1396 154 80 221 506 80 148 196 196 196 158 158 76 158 158 164 164 164 377
148 148 80 148 1396 154 1396 154 80 80 80 1396 112 148 769 1396 84 80 80 1396
90 80 80 80 80 80 80 80 80 80 1389 1396 154 164 80 148 443 80 148 1396 154 196 196 196 158 158 76 158 158 164 164 164
160 148 80 80 80 80 80 380 1396 99 1066 1396 154 1396 154 164 164 148 148 80 164 164 164 164
154 80 80 148 1396 99 90 1396 154 148 175 1396 154 1281 80 80 80 1051
448 424 456 438 440 440
148 80 80 148 1396 154 80 80 80 80 148 80 196 196 196 158 158 76 158 158 164 164 164 377 164 164 164 164 164 369 710 164 164 164 164 164 164 164 164 164
1389 486 1396 154 1389 1396 154 1396 154 80 769 164 1396 154
99 1389 148 80 80 80 1281 80 80 148 80 80 80 1047 164 80 80 99 1396 154 99 80 80 80 148 1396
148 80 80 1281 1396 154 1396 154 1389 148 379 1396 154
1389 80 1066 390 1396 154 90 80 148 80 80 80 80 80 80 80 148 1104 90 80 80 80 196 196 196 76 169 76 76 76 76
448 444 424 456 438 440 440
154 80 88 1396 118 1396 71 1021 163 123 95 95 381 381 84 148 164 148 196 196 196 158 158 76 158 158 164 164 164 164
80 80 1396 154 1389 769 457 80 80 163 80 148 80 1396 99 90 80 163 80 99 377 116 80 125 80 80 80 107
80 80 80 80 80 164 164 164 164 164 164 1389 1281 80 1396 154 80 148 80 164 1396 71 80 80 80 80 1389
154 80 80 80 163 1281 80 1396 99 112 552 148 1396 154 307 122 80 673 769 121 1066
80 1059 80 99 80 1396 71 80 80 80 80 80 80 148 80 80 80 99 164 80 80 80 148 90 164 80 164 163 90 80 80 80 80 80 80 164 99 80 196 196 196 76 169 76 76 169 76 169 76 76 76 76 164 164 164
80 80 90 148 148 1183 80 376 80 1281 90 1281 1396 118 80 80 148 90 80 196 196 196 158 158 76 158
154 99 1396 107 625 80 1066 1396 71 1389 1187 1396 57
148 148 148 80 80 91 80 1389 1389 80 80 80 80 99 1396 154 268 1396 154 80 80 80 80 360
268 128 80 80 80 80 80 80 80 80 80 148 148 148 80 80 80 260 148 80 99 80 80 1396 154 148 80 80 80 148 380 879 80 1396 154 196 196 196
448 444 424 456 440 440
80 80 164 80 1396 154 80 1396 154 148 949 80 80 80 148 160 80 1281 148 164 80 80 1396
92 80 148 80 80 1396 154 148 80 1389 148 148 80 123 80 148 148 148 196 196 196 158 76 158 158 164 164 164 377 164 164 164 164 403 164 164
1396 154 127 125 116 80 148 80 80 1396 139 80 80 1389 99 769 80 457 80 80 769 80 80 80 80
1396 154 80 80 1396 154 80 163 80 80 1396 154 99 1047 163 80 80 80 80 1396
80 80 80 80 1396 154 80 80 80 148 148 98 565 148 164 1389 164 148 1396 154 80 80 80 1389
444 424 456 438 440 440
