60 255 255 255 402 135 228 576 402 228 390 561 223 223 60 60 60 60 60 60 60 60 60 60 60 60 60 437 308 223 392 392 60 60 60 60 436 734 54 223 223 561 223 392 223 561 1068 1237 223 1068 730 139 224 139 139 139 309 139 224 139 139 224 139 224 139 309 224 139 224 139 223 223
213 54 139 54 139 54 280 54 223 60 255 255 255 217 217 135 380 223 730 60 60 60 60 60 60 60 60 60 436 392 223 223 223 60 60 60 60 775 392 223 223 223 730 223 730 561 223 899 1237 223 223 899 223 561 223 899 223 561 392 392 223 730 223
490 486 466 480 482 482
213 54 1455 130 54 1455 213 54 1455 213 1092 54 207 54 1448 1455 158 54 147 54
54 139 54 1340 139 54 1455 213 54 938 54 1455 177 54 139 54 1455 213 54 139 54 223 60 186 54 436 255 255
54 1455 213 54 1455 158 54 238 54 1448 54 222 54 139 54 139 54 938 1455 213 54 1455
54 1455 213 54 1455 158 54 1448 54 139 54 1455 177 54 158 54 139 139 54 158 54 139 54 186 54 184 60 196 54 255 255 255 135 228 135 135 309
207 54 139 139 139 60 60 158 54 207 54 139 54 267 54 184 60 175 54 255 255 255 217 217 135 380 223 730 60 60 60 60 60 60 60 60 60 436 223 223 223 223 223 60 60 60 60 60 775 223 392 223 223 730 223 730 392 223 392 223 223 223 1068 561 223 462 223 899 561
486 466 498 480 482 482
54 223 223 54 223 828 54 1448 54 1455 213 54 828 139 54 1448 1448 54 1340 139
222 54 222 54 1455 213 54 1455 130 54 139 158 54 508 158 54 1455 158 54 139 207 54 139 54 139 54 223 223 54 184 60 1455 177 54 187
139 139 60 60 139 54 219 54 1455 213 54 222 54 1448 222 54 184 60 1455 177 54 187 54 139 135 60 255 255 255 380 135 217 217 223 223 392 223 60 60 60 60 60 60 60 60 60 60 60 223 541
54 139 54 158 139 54 149 139 139 60 60 1455 158 54 139 54 1455 213 54 139 54 1455 177 54 139 54 139 54 207 54 255 255 255 228 228 135 228 228 402 402 228 309 135 223 223 223
60 624 223 54 207 54 223 54 222 207 54 139 207 1455 213 54 149 54 1455 213 54 255 255 255 380 135 217 217 392 223 392 60 60 60 60 60 60 60 60 60 60 436 223 223 223 392 60 60 60 60 428 775
490 466 480 482 482
126 54 1455 213 54 207 139 54 139 1448 54 1455 116 54 1340 1448 54 139 139 54 828
54 139 54 1125 54 139 139 54 158 186 54 1242 54 222 54 139 1455 213 54 158 54 1455 213 54 1455 213 54 651
54 139 139 54 207 54 1448 1455 54 213 54 1455 213 54 1455 158 139 54 1140 54 222 54 139 207 54 54 207 139
139 139 60 60 222 54 1118 139 54 207 207 54 139 54 139 139 54 139 1455 154 54 158 158 54 158 54 139 224 60 207 54 139 54 207 54 207 54 207 255 255 255 228 228 135 402 228 228 576 228 135 135 561 392 60 60 60 60 60 60 60 60 60 60 60 60 60 60 60 437 223 139 223 223 223
223 54 139 54 150 54 223 223 54 223 54 229 54 207 54 223 139 54 223 54 139 54 222 149 54 255 255 255 217 217 135 380 223 223 223 392 60 60 60 60 60 60 60 60 60 60 60 436 223 223 223 223 223 60 60 60 60 60 769 223 392 223 223 392 223 561 223 223 223 392 223 223 1490 139 392
490 486 466 498 480 482 482
1455 143 54 207 54 184 60 187 54 1455 213 54 207 54 1455 158 54 828 54 139 1455 213 54 139 54 139 1455
213 54 828 54 1455 158 54 222 139 54 1455 158 54 1204 54 223 54 1031 186 54 139 54 541 54 1455
54 139 54 1125 438 54 1455 130 54 158 54 139 139 139 60 60 139 207 54 139 54 139 1455 54 213 139 54 139 54 1455 213 54 255 255 255 217 298 217
320 329 329 384 384 394 394
54 655 54 139 54 449 139 54 139 54 1011 1448 54 139 54 139 223 60 139 139 139 60 60 207 139 54 222 402 54 139 54 255 255 255 390 135 228 309 297 216 135 223 223 561 60 60 60 60 60 60 60 60 60 60 60 60 60 207 437 54 223 139 223 223 223 392
219 54 139 207 54 139 139 54 223 54 1455 213 54 158 54 223 139 54 139 139 60 60 223 60 139 139 60 139 207 54 139 139 54 222 150 54 255 255 255 217 217 135 217 386 223 223 392 60 60 60 60 60 60 60 60 60 60 60 436 223 223 223 223 223 60 60 60 60 60 428 769 54 223 223
466 498 480 482
54 545 54 1448 1455 54 116 207 54 149 1448 54 139 54 828 54 828 139 54 207 139 54 139 1340
54 139 54 139 54 139 139 139 60 60 207 54 207 54 139 224 60 139 54 207 186 54 207 1455 54 213 1455 54 185 1455 213 54 139 54 158 184 60 1455 213 54 196 146
222 54 139 54 1455 213 54 1455 130 54 158 139 54 139 222 54 143 54 139 54 139 54 1455 213 54 207 54 139 139 139 60 60 255 255 255 217 217 135 380 223 223 561 60 60 60 60 60 60 60 60 60 60 529 223
158 54 234 54 1455 213 54 158 54 1455 171 54 139 139 54 1340 54 139 54 143 54 604 54 223 54 223 54 167 54 139 54 255 255 255 135 228 135 135 228 390 135 216 216 223 223 392
139 60 139 207 54 139 54 139 54 139 54 139 139 54 139 139 60 60 149 139 139 60 60 139 54 139 54 139 139 54 139 207 60 1455 213 54 139 54 1455 213 54 139 280 54 565 139 54 207 54 255 255 255 217 217 135 217 217 561 223 223 60 60 60 60 60 60 60 60 60 60 60 436
54 207 207 54 139 207 54 1455 213 54 1455 213 54 139 139 139 60 60 1455 171 54 207 828 54 1455 143 54 139 139 54 1455
54 149 54 139 54 139 54 139 139 54 139 139 60 60 139 139 54 139 60 1448 1455 213 54 223 54 139 207 54 502 139 54 207 54 1455 213 54 255 255 255 217 217 135 217 386 223 223 223
219 54 207 54 139 139 139 60 60 139 54 139 54 439 1455 158 54 1125 54 1455 213 54 1455 213 54 223 223 54 207 207 54 139 54 223 54 223 223 54 223
54 213 139 54 224 60 207 54 1455 158 54 149 54 1455 213 54 207 54 234 54 1455 213 54 1340 139 54 139 139 60 60 1110
490 466 498 480 482 482
207 54 139 224 60 207 1455 213 54 139 54 139 54 139 54 139 207 54 139 54 255 255 255 217 217 135 217 386 223 392 223 60 60 60 60 60 60 60 60 60 60 60 436 223 223 223 223 223 60 60 60 60 60 428 769 54 223 223 223 223 223 223 392 223 223
1448 545 54 1455 213 54 1448 1455 213 54 1455 213 54 139 828 54 223 1455 213 54
158 54 1448 54 207 139 54 139 139 60 60 1340 54 139 139 207 54 139 60 139 54 139 54 1106 223 54 139 139 54 158 54 1455 213 54 158 54 139 139 54 224 60 207 1455
207 54 139 139 54 1340 1455 213 54 1455 213 54 1448 207 54 438 54 1455 213 54
54 1448 139 54 1125 54 449 1455 54 213 149 54 224 60 207 54 139 139 54 139 139 60 60 139 139 54 139 207 54 1163 149 54 139 54 139 139 54 255 255 255 135 228 135 309 309 135
490 486 466 498 480 482 482
213 54 139 54 147 54 1455 177 54 1455 130 54 1080 54 222 54 182 54 154 60 154 60 440 440 54 143 60 207 223 54 207 255 255 255 217 217 135 217 386 223 223 223 223
54 139 139 60 1455 213 54 1448 54 828 516 54 139 139 54 222 139 54 207 54 139 1455 158 54 149 54 224 60 222 139 54 158 436 54 175 139 54 184 60 139 139 139 60 60 166
54 139 139 139 60 60 139 139 54 223 223 54 223 223 54 223 223 54 1448 1340 54 139 54 1455 213 54 139 54 207 139 54 223 1455 54 130 54 139 139 54 139 54 139 1448
213 54 139 139 139 60 60 222 54 1340 139 54 1455 158 54 171 60 611 207 54 1455 213 54 366 54 181 54 139 732 54 828 180 54 1125
139 54 1118 54 139 158 54 139 1455 130 54 139 54 139 54 139 139 54 139 139 60 60 207 139 54 139 139 54 158 223 54 139 139 139 60 60 207 54 149 223 54 139 223 54 222 54 149 139 139 60 60 139 139 54 139 139 60 54 223 158 54 139 54 255 255 255 135 228 135 135 228 135 309 216 135 135 304 223 392 223
54 139 139 54 149 207 54 207 54 1242 139 54 435 139 54 1340 54 149 54 1340 54 1455 177 54 139 54 139 207 54 149 139 54 255 255 255 217 217 135 217
213 54 158 1455 166 54 684 54 139 1125 54 1455 130 54 1448 1246 54 1455 116 54
207 207 54 207 139 54 139 54 150 54 139 1448 54 1448 139 54 139 139 139 60 60 158 1455 54 213 54 327 1455 213 54 139 139 54 139 139 419
60 327 54 187 54 139 54 139 224 60 139 139 139 60 60 139 224 60 139 207 54 207 207 54 139 139 139 60 60 319 207 54 139 158 54 139 54 139 54 1455 213 54 207 139 54 224 60 139 207 54 439 54 938 54 139 54 1455 213 54 255 255 255
490 486 466 498 482 482
224 60 139 54 223 139 54 1455 213 54 139 1455 213 54 207 54 1008 139 54 139 139 60 60 207 54 219 139 54 1340 54 207 223 54 139 139 54 1455
54 151 139 54 207 139 54 224 60 1455 213 54 207 54 139 1448 54 207 54 207 54 139 54 182 54 139 207 54 207 207 54 255 255 255 380 135 217 217 223 392 392 60 60 60 60 60 60 60 60 60 60 436 223 223 223 223 60 60 60 60 462 392 223
54 1455 213 54 186 184 60 175 54 139 207 54 139 54 139 54 1455 198 54 139 139 54 1448 158 54 828 139 54 516 139 54 139 54 828 139 54 139 139 139
54 1455 213 54 139 139 54 1455 213 54 139 222 54 139 139 54 1455 213 54 158 1106 54 222 54 139 139 139 60 60 139 1455
139 54 224 60 139 54 139 1455 213 54 139 139 54 139 207 54 207 54 157 60 624 54 207 223 54 1448 223 54 207 1455 213 54 139 139 139 1448
486 466 498 480 482 482
