565 92 377 84 84 72 125 150 255 95 72 241 82 102 589 1399 1399 438 72 438 84 152 72 117 72 854
377 84 84 72 126 150 255 95 72 241 82 102 589 1399 1399 438 72 438 84 152 72 117 72 854 147 72 114 134 72 136
377 84 84 72 125 150 255 95 72 241 82 102 589 1399 1399 438 72 438 84 152 72 117 72 854 147 72 114 134 72 135
377 84 84 72 125 150 255 95 72 241 82 102 589 1399 1399 438 72 438 84 152 72 117 72 854 147 72 114 134 72 135
565 92 377 84 84 72 125 150 255 95 72 241 82 102 589 1399 1399 438 72 152 72 117 72 854 147 72 114 134
377 84 84 72 125 150 255 95 72 241 82 102 589 1399 1399 438 72 438 84 152 72 117 72 854 147 72 114 134 72 135
377 84 84 72 125 150 255 95 72 241 82 72 102 589 1399 1399 438 72 438 84 152 72 117 72 854 147 72 114 134 72
393 92 377 84 84 72 127 150 255 95 72 241 82 102 589 1399 1399 438 72 152 72 117 72 854 147 72 114 134 72 137
377 84 84 72 125 150 255 95 72 241 82 102 589 1399 1399 438 72 438 84 152 72 117 72 854 147 72 114 134 72 135
377 84 84 72 125 150 255 95 72 241 82 72 102 589 1399 1399 438 72 438 84 152 72 117 72 854 147 72 114 134 72
377 84 84 72 126 150 255 95 72 241 82 102 589 1399 1399 438 72 98 565 152 72 117 72 854 147 72 114 134
377 84 84 72 126 150 255 95 72 241 82 102 589 1399 1399 438 72 438 84 152 72 117 72 854 147 72 114 134 72 136
377 84 84 72 125 150 255 95 72 241 82 102 589 1399 1399 438 72 438 84 152 72 117 72 854 147 72 114 134 72 135
174 92 377 84 84 72 125 150 255 95 72 241 82 102 589 1399 1399 438 72 152 72 117 72 854 147 72 114 134 72 135 125 135
377 84 84 72 125 150 255 95 72 241 82 102 589 1399 1399 438 72 438 84 152 72 117 72 854 147 72 114 134 72 135
377 84 84 72 124 150 255 95 72 241 82 102 589 1399 1399 438 72 438 84 152 72 117 72 854 147 72 114 134 72 134
377 84 84 72 124 150 255 95 72 241 82 102 589 1399 1399 438 72 152 72 117 72 854 147 72 114 134 72 134 125 134 100 72
377 84 84 72 125 150 255 95 72 241 82 102 589 1399 1399 438 72 152 72 117 72 854 147 72 114 134 72 135 125 135 100 72
377 84 84 72 124 150 255 95 72 241 82 102 589 1399 1399 438 72 438 84 152 72 117 72 854 147 72 114 134 72 134
377 84 84 72 126 150 255 95 72 241 82 102 589 1399 1399 72 438 152 72 117 72 854 147 72 114 134 72 136 125 136 100 72
377 84 84 72 126 150 255 95 72 241 82 102 589 1399 1399 438 72 438 84 152 72 117 72 854 147 72 114 134 72 136
377 84 84 72 126 150 255 95 72 241 82 102 589 1399 1399 438 72 438 84 152 72 117 72 854 147 72 114 134 72 136
377 84 84 72 126 150 255 95 72 241 82 102 589 1399 1399 438 72 438 84 152 72 117 72 854 147 72 114 134 72 136
377 84 84 72 125 150 255 95 72 241 82 102 589 1399 1399 72 438 152 72 117 72 854 147 72 114 134 72 135 125 135 100 72
377 84 84 72 125 150 255 95 72 241 82 102 589 1399 1399 438 72 438 84 152 72 117 72 854 147 72 114 134 72 135
562 92 377 84 84 72 124 150 255 95 72 241 82 102 589 1399 1399 438 72 152 72 117 72 854 147 72 114 134
561 84 92 377 84 84 72 126 150 255 95 72 241 82 102 589 1399 1399 438 72 84 72 152 263 72 117 72 854
377 84 84 72 128 150 255 95 72 241 82 102 589 1399 1399 438 72 438 84 152 94 389 84 72 117 84 72 309 72 1399
377 84 84 72 126 150 255 95 72 241 82 102 589 1399 1399 72 438 152 72 117 72 854 147 72 114 134 72 136 125 136 100 72
377 84 84 72 126 150 255 95 72 241 82 102 589 1399 1399 438 72 438 84 152 72 117 72 854 147 72 114 134 72 136
377 84 84 72 127 150 255 95 72 241 82 102 589 1399 1399 438 72 152 72 117 72 854 147 72 114 134 72 137 125 137 100 72
565 92 377 84 84 72 124 150 255 95 72 241 82 102 589 1399 1399 438 72 438 84 152 72 117 72 854
377 84 84 72 125 150 255 95 72 241 82 102 589 1399 1399 438 72 438 84 152 72 117 72 854 147 72 114 134 72 135
377 84 84 72 126 150 255 95 72 241 82 102 589 1399 1399 438 72 438 84 152 72 117 72 854 147 72 114 134 72 136
377 84 84 72 126 150 255 95 72 241 82 102 589 1399 1399 438 72 152 72 117 72 854 147 72 114 134 72 136 125 136 100 72
377 84 84 72 125 150 255 95 72 241 82 102 589 1399 1399 438 72 438 84 152 72 117 72 854 147 72 114 134 72 135
377 84 84 72 125 150 255 95 72 241 82 102 589 1399 1399 438 72 438 84 152 72 117 72 854 147 72 114 134 72 135
377 84 84 72 126 150 255 95 72 241 82 102 589 1399 1399 438 72 438 84 152 72 117 72 854 147 72 114 134 72 136
377 84 84 72 125 150 255 95 72 241 82 102 589 1399 1399 438 72 438 84 152 72 117 72 854 147 72 114 134 72 135
377 84 84 72 127 150 255 95 72 241 82 102 589 1399 1399 438 72 438 84 152 72 117 72 854 147 72 114 134 72 137
92 377 84 84 72 126 150 255 95 72 241 82 102 589 1399 1399 438 72 438 84 152 72 117 72 854 147 72 114 134 72
377 84 84 72 125 150 255 95 72 241 82 102 589 1399 1399 438 72 438 84 152 72 117 72 854 147 72 114 134 72 135
377 84 84 72 125 150 255 95 72 241 82 102 589 1399 1399 438 72 438 84 152 72 117 72 854 147 72 114 134 72 135
377 84 84 72 125 150 255 95 72 241 82 102 589 1399 1399 438 72 438 84 152 72 117 72 854 147 72 114 134 72 135
377 84 84 72 126 150 255 95 72 241 82 102 589 1399 1399 438 72 438 84 152 72 117 72 854 147 72 114 134 72 136
377 84 84 72 125 150 255 95 72 241 82 102 589 1399 1399 438 72 438 84 152 72 117 72 854 147 72 114 134 72 135
377 84 84 72 128 150 255 95 72 241 82 102 589 1399 1399 438 72 438 84 152 72 117 72 854 147 72 114 134 72 138
565 92 377 84 84 72 123 150 255 95 72 241 82 102 589 1399 1399 438 72 438 84 152 72 117 72 854
377 84 84 72 125 150 255 95 72 241 82 102 589 1399 1399 438 72 438 84 152 72 117 72 854 147 72 114 134 72 135
377 84 84 72 125 150 255 95 72 241 82 102 589 1399 1399 438 72 438 84 152 72 117 72 854 147 72 114 134 72 135
