10195 164 165 623 147 61 97 185 234 138 76 213 248 2144 280 0 1571 0 962 0 0 0 0 0 0 0 18416 642 226 127 166 4243 344 0 298 10997 19476 48 449 161 93 247 267 180 79 92 311 196 182 60 96 94 230 50 160 98 138 62 137 138 164 164 133 195 140 134 121 211 148 149 100
114 677971 47680 139523 45433 601036 54105 47419 4841 35722 181 202 254 149 299 133 261 77 2979 509 267 0 878 20 0 0 381 14729 796 200 85 86 3854 289 791 89 13153 600 147 124 70 234 174 89 143 210 160 272 149 96 82 194 72 131 70 133 87 114 61 92 53 101
0 1 0 0 0
115 126222 219 54 89454 0 84 118077 1 0 238 32405 87 82428 6126 1 65 11506 66
75898 40026 85803 4157 115 21434 277 114 412379 46554 11996 0 215 65064 54135 275645 0 121 163538 46576 185631 4523 13645 50223 13487 5150 210
97569 0 108 36439 0 99 56978 40617 46919 53386 9428 59603 191151 40695 174190 42024 8359 6708 2 51 263827
206709 0 101 96417 1 115 180402 40652 195213 43090 15074 1 92 46352 54415 9088 48105 174 161871 43771 305973 48316 44683 39974 147758 7644 49980 42114 3518 690 138 588 154 178 102 226
59 703552 732 153 3933 511 69042 49061 9004 53492 178961 59365 348887 52234 47374 5362 77327 48352 2960 243 202 223 200 175 371 210 133 5283 0 361 1 0 0 670 0 2016 9459 1014 231 92 274 159 3972 90 1115 0 0 16999 586 122 244 366 253 159 70 111 226 61 162 115 204 99 148 67 54 97 93 190
0 3432 0 0 0
607068 32059 65 60009 6016 158 25510 43143 13050 360 34 66206 7187 46 10537 2966 46 7068 0
67 284594 48172 166923 217 115 160040 0 113 21508 17724 55 161098 6350 48 104935 0 104 194233 3604 51 26155 54836 39126 45518 61887 28419 97 10313 4306 40971 1 106 58614
102 4282 1455 261255 45417 56856 40752 86971 0 235 40587 41484 265228 28181 58 741326 4537 2443 0 55 91408 48114 22056 360 15246 3113 245 203 303 137 264 126 133 147 214 159 5748 0 0 0 0 0 0 0 0 663 0 21109 13727
38326 42694 33051 13290 60 234986 572 103 5172 433 106063 0 115 144103 50355 83204 0 138 16870 53494 1596 1 88 323987 44199 32998 45217 322104 47727 103635 937 972 645 180 78 141 129 153 68 141 91 162 80 153 85
3313 29538 66 63066 45269 13459 49045 117917 49983 72 820034 42773 0 0 86 99009 44471 22131 0 169 234620 172 206 273 185 201 272 283 189 144 3200 910 0 0 735 1367 0 0 0 0 9998 898 144 121 243 3807 2202 0 0 14966 1082
1246 3946 0 0
94 352617 0 84 42029 47585 61 113232 4240 47 30981 0 68 63256 46771 65 62184 2405 46 32879
2274 50676 70344 51686 69957 11801 64 131180 10034 51 67457 53257 113954 39824 81294 28397 0 94 4314 31 32718 488 44 33331 0 60 57368
425095 5377 54 30912 54057 50092 15970 71 169 43033 94877 0 105 14716 1 0 95 10724 50 32166 50353 56443 52833 42 46848 54492 16506
167 3925 343 71125 47250 37230 37802 99 18915 45871 59 14029 49091 49495 23960 55 77430 47487 0 112 136711 36598 82 13596 51844 145128 796 4911 28004 39907 105976 50220 89728 50830 120472 51405 188503 17727 139 155 598 202 240 209 165 285 197 303 114 103 101 240 1375 262 468 696 272 0 326 1154 0 0 0 0 121 421 0 17771 972 208 202 132 266
77 26880 41711 110682 45535 10005 265 82 12465 55280 28259 49865 20721 41771 621474 2131 76 10293 53359 17608 44850 328099 4726 48 218166 172 334 487 161 185 93 138 163 123 253 2290 594 0 735 247 550 1674 1 0 0 0 11459 907 180 133 230 201 3489 1262 1074 0 0 13774 621 155 167 261 180 171 145 133 277 137 309 148 197 123 0 151
0 2 1289 0 1341 2830
0 87 146806 43833 78485 4767 93393 42157 4208 0 82 40406 48951 28245 0 97 133607 41099 139286 19157 0 255 22756 52 14176 25107
97 28361 40368 35841 1 92 103451 9160 52 23272 313 99 14729 53047 68145 46950 31227 8161 61 10033 46358 116971 52400 8013
317596 41713 16649 34406 71 118875 1 125 104293 53637 30239 641 153 3973 851 100543 12000 52 152792 42400 45050 24340 123 180 8476 87 225602 55414 31727 0 156 299486 308 253 301 115 284
0 1 0 0 0 0
167516 48702 115359 54050 70004 10198 67 102278 49374 87629 21696 57 29868 45725 287405 29716 14991 0 652 208 4949 512 41491 11339 102 2849 15238 71 168681 54724 335481 133 211 326 326 105 247 110 198 197 101 83 181 2361 726 184 2146 0 0 0 0 0 0 0 0 0 18726 1158 47 691 166 457 113 211 226
50 73880 46025 57 71974 39682 82 42850 52267 54027 1 89 180717 50428 401707 2263 48 537 85 5665 368 6582 4148 32844 778 8547 14590 1448 101 462332 0 100 38281 14904 57 88780 260 344 1391 120 180 175 113 101 52 142 2016 307 346 1094 292 0 127 241 0 253 931 8290 676 153 118 263 208 9078 0 0 0 0 10707 3765 54 601 280
0 0 3692
100791 46298 22563 17204 61 176 30038 79 23360 17481 55 65614 55269 33555 51072 66491 681 57 31414 37901 60 42280 6604
3314 48411 101077 48863 42085 747 104 4359 0 123057 50564 141288 43619 206640 797 4629 12632 45027 4229 25655 54 15663 4672 71 371 15515 49 800 16342 0 74 23586 56 102427 38361 4585 52024 1 111 57962 46621
53689 183392 59980 80899 349 69 60322 1 236 161618 5347 49 789 3066 32 252146 45272 374532 42128 47152 53128 211891 3936 57 34657 50385 67932 719 92 4323 907 14700 384 192 1797 200 233 126 228 158 212 8318 11911 0 0 0 0 1 0 0 0 26777 885
177 37606 62129 25104 0 159 37513 57263 29264 404 47 13395 48096 56 115705 48110 135045 44961 163074 56889 58443 51851 111829 53018 6816 53364 86797 48147 390359 44610 23226 195 1103 740 123 131 68 140 113 217 138 241 257 73 83
4214 4735 256 55 66540 53385 90739 40831 258921 41916 150158 366 77 340 232 3879 303 1842 566 221 3883 653 124993 44605 11972 41462 17544 0 75 674 216 4674 37405 0 109 207872 47920 197398 1 111 13254 17909 53 106698 39216 56 71198 39981 49861 261 205 299 203 134 180 113 293 247 138 3286 0 745 0 0 0 0 0 378 113 393 9397
164326 36219 56 20370 28322 52 18748 0 96 124985 525 56 2346 338 133 6939 272 11662 1 68 15342 28882 143 42098 0 77 9814 32459 70 73571
56551 53463 100497 49775 6766 52868 113162 5569 48 552 137 5023 289 114650 301 91 272 5088 365404 22613 0 174 22126 53097 35314 44674 80 128681 30883 56 103240 42022 42868 0 103 106954 166 201 1327 143 142 113 79 159 127 124
46 35901 44245 482121 1621 212 3939 300 10250 49803 12115 41280 27130 42157 0 69 42370 51028 56588 0 94 43533 0 134 8100 26059 74 65186 9258 71 47420 44326 53614 46690 108761 3121 48 694
979 17683 64 498 4092 73536 48916 9882 0 86 254271 55907 58502 2 131 118192 43160 1843 53010 81544 0 104 101191 6996 46 396 87 4150 250 8024
3789 0 0 0 2263
56 189532 609 4326 68896 44497 0 66 69756 47024 525552 44119 389986 42497 89489 36679 77 253141 43910 3489 128 139 591 133 167 114 97 129 86 211 7557 0 0 0 0 0 0 1 0 3722 0 9646 844 122 256 204 206 6489 3778 0 0 0 4292 3705 66 589 169 146 117 119 193 204 279 166
31286 92 226804 0 120 199069 12266 0 152 30482 0 77 12533 34792 54 58706 0 0 187
98 9781 40656 5005 40465 80 482 88 3938 3191 24806 53582 26458 0 0 92 692 5086 1148 51151 10821 42562 105699 24734 61 64065 49001 67 166318 53763 5324 1 54 119045 51781 8713 27503 58 722 4293 127279 3365
50 17911 38147 92 70248 36137 1 185 107622 0 84 103786 16882 90 4747 50657 13638 0 103
101087 31865 61 46118 55188 40811 18725 66 257 602 32 531 8378 168868 42889 82971 22644 61 546 97 4561 0 93687 0 75 102141 38002 171 235582 27171 116 230430 52195 133116 33725 58 195602 183 218 397 226 280 263 104 231
0 0 1553 2784 0 0
124 309979 52402 99038 41501 367453 1 123 35003 0 137 33716 47825 208173 41815 52103 41692 43622 5085 13982 4182 228825 22112 66 42375 4659 70585 3669 52 22562 25396 241 211 437 199 133 102 63 231 114 124 108
256 344 4487 42055 0 112 87084 43250 1003 14199 30 81889 38233 198 3675 41763 64 10010 43231 822 27417 0 94 3801 55 444 4583 77267 2762 46 2843 3113 44 5172 30517 52 13355 6185 58218 681 214 3935 463 9940
81964 582 99 4886 594 13038 36144 77 70753 6127 45 271 1195 30 1641 1462 31 67517 27566 128 22274 54128 33715 0 164 31122 44330 6978 3533 46 4633 4223 32 238 42803 1538 30135 54 6142 40255 85081 2305
112 210783 697 164 4256 267 23123 59010 24712 8857 141 1902 0 106 522 5053 2853 6639 87 46464 0 84 4433 45720 42102 42084 113903 40305 59 48084 9219 45 23176
54183 178930 55315 74949 20911 92 4173 45135 0 69 11691 46006 100039 56187 72544 3669 51 638 87 4008 618 110673 10168 57 187 8366 99 42762 7366 51 188045 732 102 4013 308 13335 47627 59376 42876 63 19352 11722 51 19684 49945 1325 1172 227 3973 299 46071 0 69 561 1735 2367 51558 27038 4258 67 34398 43568 5046 838 1271 1147 124 63 96 66 108 74 117 78 102 51 97 49 85
131916 52497 61 176624 15122 82 34350 44105 245888 20441 61 102273 41518 101 7849 45516 175282 47459 118375 44310 14235 1 75 116479 54262 12183 33635 70 17616 6963 133 149935 110 127 500 127 74 91
82 13476 35685 1 79 32370 48467 25104 14847 67 21759 341 41 54177 19396 69 12346 0 107
37925 85 87460 5280 113 5910 51926 36220 48415 1940 33838 75 27724 2093 44 152626 521 99 4053 571 128591 20801 102 307 43428 10700 25314 0 123 66860 9093 75 329 244 3000
6582 49137 47426 52833 9432 43967 160845 947 4480 1296 687 199 3922 566 169407 807 4812 10488 31749 54 76480 10462 50 53544 541 93 4030 278 59581 19942 74 30763 18808 65 6858 45796 55307 44971 1074 0 57 67024 13368 70 521 4462 128283 23045 62 20888 41960 2565 50868 59996 40323 56652 0 76 9062 112 211
0 1 0 0 1289
5012 57780 50724 17251 34970 58 122366 0 111 131742 24123 0 84 5615 35 2105 38321 60 463 87 6708 0 86503 44936 7319 27680 55 39729 50135 4590 21360 53 18363 30860 54 26046
71928 20494 87 70055 15002 54 507 5074 47303 0 143 168792 53440 47425 22202 72 369275 46833 89671 48506 61186 54714 213948 49054 67821 19826 53 183025 4827 48 66093 129 190 313 170 59 67 290 146 174 6428 352 0 379 0 0 0 1275 0 0 10313 811 169 238 201 3615 558 282 0 3996 634 277
9171 0 76 50784 2748 4970 127263 54926 25310 37902 61 161550 40770 64642 44682 18540 0 69 20011 9356 73 52501 5919 46 71143 5068 56 33241 5037 44 37115 54207 9922 17565 54 3736 840 204
29290 0 102 38052 30879 90 190448 1 82 147042 16191 53 40629 8459 133 4516 1 41 8628 34863 71 65220 49448 60837 741 228 3885 407 29174 26100
61 496 6869 55377 45519 37760 24209 0 115 50590 13818 48 58714 47724 66 39228 40135 11390 5604 2525 42985 193289 40119 60 49526 38465 74 26013 11168 0 61 33364 553 242 76
0 0 0 1354 0
